0.2
21.00
105.00
105.00
-32.00
-130.00
-98.00
57.00
142.00
45.00
-95.00
-162.00
-70.00
82.00
145.00
63.00
-68.00
-153.00
-109.00
22.00
120.00
100.00
11.00
-85.00
-132.00
-68.00
-2.00
38.00
51.00
46.00
12.00
-40.00
-82.00
-109.00
-62.00
55.00
80.00
-72.00
-150.00
-62.00
65.00
72.00
-18.00
-118.00
-135.00
-15.00
100.00
89.00
-32.00
-120.00
-115.00
-40.00
15.00
20.00
-1.00
-40.00
-72.00
-68.00
-25.00
10.00
3.00
-19.00
-14.00
-11.00
-38.00
-62.00
-45.00
-3.00
30.00
26.00
-28.00
-88.00
-118.00
-90.00
-24.00
18.00
32.00
22.00
-8.00
-50.00
-82.00